"Step","rstarcoder_sweep_routed_mlp_zloss_scaling_2 - eval/router/index_hist"
"0","{""values"":[0,0,0,0,271,310,111,348,30,509,49,299,64,7,10,96,106,205,443,42,39,1193,104,30,2223,63,263,9,996,562,353,187,38,1529,154,633],""_type"":""histogram"",""bins"":[0,1,2,3,4,5,6,7,8,9,10,11,12,13,14,15,16,17,18,19,20,21,22,23,24,25,26,27,28,29,30,31,32,33,34,35,36]}"
"10","{""_type"":""histogram"",""values"":[0,0,0,0,298,506,54,645,29,169,34,129,226,4,10,511,99,247,466,32,17,1142,755,22,2507,26,36,3,367,314,428,97,17,1152,169,765],""bins"":[0,1,2,3,4,5,6,7,8,9,10,11,12,13,14,15,16,17,18,19,20,21,22,23,24,25,26,27,28,29,30,31,32,33,34,35,36]}"
"20","{""_type"":""histogram"",""values"":[0,0,0,0,474,751,107,583,42,92,39,72,130,11,11,260,203,141,630,26,34,1137,476,25,2473,13,21,3,99,393,910,53,25,875,51,1116],""bins"":[0,1,2,3,4,5,6,7,8,9,10,11,12,13,14,15,16,17,18,19,20,21,22,23,24,25,26,27,28,29,30,31,32,33,34,35,36]}"
"30","{""values"":[0,0,0,0,369,745,68,254,23,43,20,73,68,12,25,13,33,44,358,46,27,898,545,46,2781,35,5,7,35,536,1709,27,108,1134,24,1165],""_type"":""histogram"",""bins"":[0,1,2,3,4,5,6,7,8,9,10,11,12,13,14,15,16,17,18,19,20,21,22,23,24,25,26,27,28,29,30,31,32,33,34,35,36]}"
"40","{""_type"":""histogram"",""values"":[0,0,0,0,308,688,40,195,28,52,29,91,71,14,16,17,24,46,337,20,38,1046,444,43,2776,77,10,8,39,390,1650,35,115,1557,18,1054],""bins"":[0,1,2,3,4,5,6,7,8,9,10,11,12,13,14,15,16,17,18,19,20,21,22,23,24,25,26,27,28,29,30,31,32,33,34,35,36]}"
"50","{""values"":[0,0,0,0,185,1585,12,354,42,70,46,177,72,18,24,61,30,92,292,14,32,916,723,75,2789,91,18,13,71,486,853,43,115,743,24,1210],""_type"":""histogram"",""bins"":[0,1,2,3,4,5,6,7,8,9,10,11,12,13,14,15,16,17,18,19,20,21,22,23,24,25,26,27,28,29,30,31,32,33,34,35,36]}"
"60","{""_type"":""histogram"",""values"":[0,0,0,0,152,483,7,547,171,52,248,311,131,23,67,184,50,405,261,13,25,1070,204,106,2808,580,25,28,134,363,816,46,91,449,25,1401],""bins"":[0,1,2,3,4,5,6,7,8,9,10,11,12,13,14,15,16,17,18,19,20,21,22,23,24,25,26,27,28,29,30,31,32,33,34,35,36]}"
"70","{""_type"":""histogram"",""values"":[0,0,0,0,139,94,7,993,75,55,1084,425,48,14,159,129,95,1206,124,21,17,1016,70,127,2811,743,20,33,80,180,598,41,57,426,23,366],""bins"":[0,1,2,3,4,5,6,7,8,9,10,11,12,13,14,15,16,17,18,19,20,21,22,23,24,25,26,27,28,29,30,31,32,33,34,35,36]}"
"80","{""_type"":""histogram"",""values"":[0,0,0,0,142,82,8,1762,23,56,208,388,36,10,696,379,155,613,157,19,18,1030,64,126,2811,881,15,34,93,77,645,57,69,552,28,42],""bins"":[0,1,2,3,4,5,6,7,8,9,10,11,12,13,14,15,16,17,18,19,20,21,22,23,24,25,26,27,28,29,30,31,32,33,34,35,36]}"
"90","{""_type"":""histogram"",""values"":[0,0,0,0,129,86,36,74,21,43,278,334,131,101,885,672,820,917,424,18,20,442,111,128,2810,60,11,240,129,97,794,130,232,821,274,8],""bins"":[0,1,2,3,4,5,6,7,8,9,10,11,12,13,14,15,16,17,18,19,20,21,22,23,24,25,26,27,28,29,30,31,32,33,34,35,36]}"
"100","{""_type"":""histogram"",""values"":[0,0,0,0,119,180,46,19,21,43,415,479,337,767,1852,608,138,499,678,118,12,277,16,65,2811,15,12,10,167,157,295,207,523,222,161,7],""bins"":[0,1,2,3,4,5,6,7,8,9,10,11,12,13,14,15,16,17,18,19,20,21,22,23,24,25,26,27,28,29,30,31,32,33,34,35,36]}"
"110","{""_type"":""histogram"",""values"":[0,0,0,0,153,383,118,19,34,36,167,106,601,1992,35,388,45,1069,445,169,11,377,5,53,2811,14,11,3,1090,333,120,220,324,60,76,8],""bins"":[0,1,2,3,4,5,6,7,8,9,10,11,12,13,14,15,16,17,18,19,20,21,22,23,24,25,26,27,28,29,30,31,32,33,34,35,36]}"
"120","{""_type"":""histogram"",""values"":[0,0,0,0,154,569,214,42,48,27,2,21,941,305,7,195,24,1986,30,122,11,464,6,56,2812,17,13,1,2530,285,100,167,56,41,17,13],""bins"":[0,1,2,3,4,5,6,7,8,9,10,11,12,13,14,15,16,17,18,19,20,21,22,23,24,25,26,27,28,29,30,31,32,33,34,35,36]}"
"130","{""_type"":""histogram"",""values"":[0,0,0,0,162,817,767,74,129,28,1,18,2337,90,6,278,46,141,14,161,14,1243,8,67,2811,29,17,1,1350,279,170,123,25,42,18,10],""bins"":[0,1,2,3,4,5,6,7,8,9,10,11,12,13,14,15,16,17,18,19,20,21,22,23,24,25,26,27,28,29,30,31,32,33,34,35,36]}"
"140","{""_type"":""histogram"",""values"":[0,0,0,0,145,544,386,219,429,36,1,18,1827,75,8,100,71,1,9,171,30,1996,7,104,2812,71,30,3,1373,315,356,37,21,45,25,11],""bins"":[0,1,2,3,4,5,6,7,8,9,10,11,12,13,14,15,16,17,18,19,20,21,22,23,24,25,26,27,28,29,30,31,32,33,34,35,36]}"
"150","{""_type"":""histogram"",""values"":[0,0,0,0,127,126,28,1063,513,104,1,20,15,81,9,70,63,0,9,61,107,2547,6,139,2811,24,88,4,2315,119,699,35,10,48,22,12],""bins"":[0,1,2,3,4,5,6,7,8,9,10,11,12,13,14,15,16,17,18,19,20,21,22,23,24,25,26,27,28,29,30,31,32,33,34,35,36]}"
"160","{""_type"":""histogram"",""values"":[0,0,0,0,624,45,4,2067,22,13,1,18,0,21,8,23,18,0,9,19,37,2663,5,117,2811,1,261,2,1058,1,1351,20,7,25,10,15],""bins"":[0,1,2,3,4,5,6,7,8,9,10,11,12,13,14,15,16,17,18,19,20,21,22,23,24,25,26,27,28,29,30,31,32,33,34,35,36]}"
"170","{""_type"":""histogram"",""values"":[0,0,0,0,2314,44,4,2475,22,11,1,16,1,23,7,53,12,0,20,22,37,508,7,176,2810,1,568,5,168,2,1875,28,10,27,16,13],""bins"":[0,1,2,3,4,5,6,7,8,9,10,11,12,13,14,15,16,17,18,19,20,21,22,23,24,25,26,27,28,29,30,31,32,33,34,35,36]}"
"180","{""_type"":""histogram"",""values"":[0,0,0,0,340,144,14,2591,22,14,0,13,1,126,12,320,25,2,154,50,328,334,5,1130,2810,1,2282,13,235,1,73,68,34,49,67,18],""bins"":[0,1,2,3,4,5,6,7,8,9,10,11,12,13,14,15,16,17,18,19,20,21,22,23,24,25,26,27,28,29,30,31,32,33,34,35,36]}"
"190","{""_type"":""histogram"",""values"":[0,0,0,0,42,186,24,2456,22,19,0,11,1,176,14,244,37,1,256,59,549,70,17,1544,2810,1,2234,17,151,3,1,80,52,54,129,16],""bins"":[0,1,2,3,4,5,6,7,8,9,10,11,12,13,14,15,16,17,18,19,20,21,22,23,24,25,26,27,28,29,30,31,32,33,34,35,36]}"
"200","{""_type"":""histogram"",""values"":[0,0,0,0,39,25,89,482,42,65,6,28,1,266,36,73,86,3,1047,176,1138,205,36,80,2810,2,2634,129,584,3,2,128,232,201,599,29],""bins"":[0,1,2,3,4,5,6,7,8,9,10,11,12,13,14,15,16,17,18,19,20,21,22,23,24,25,26,27,28,29,30,31,32,33,34,35,36]}"
"210","{""_type"":""histogram"",""values"":[0,0,0,0,38,17,81,13,37,44,0,19,1,48,22,9,70,1,1105,136,869,68,34,26,2810,2,2527,83,457,3,1,82,228,149,2272,24],""bins"":[0,1,2,3,4,5,6,7,8,9,10,11,12,13,14,15,16,17,18,19,20,21,22,23,24,25,26,27,28,29,30,31,32,33,34,35,36]}"
"220","{""_type"":""histogram"",""values"":[0,0,0,0,40,18,233,19,94,97,9,35,3,784,120,23,169,3,1582,304,1057,351,42,23,2810,3,220,124,1495,3,1,102,593,834,57,28],""bins"":[0,1,2,3,4,5,6,7,8,9,10,11,12,13,14,15,16,17,18,19,20,21,22,23,24,25,26,27,28,29,30,31,32,33,34,35,36]}"
"230","{""_type"":""histogram"",""values"":[0,0,0,0,43,18,204,10,78,207,11,35,2,1375,109,19,118,0,1637,258,616,142,22,7,2810,1,7,43,1248,1,1,87,404,1745,3,15],""bins"":[0,1,2,3,4,5,6,7,8,9,10,11,12,13,14,15,16,17,18,19,20,21,22,23,24,25,26,27,28,29,30,31,32,33,34,35,36]}"
"240","{""_type"":""histogram"",""values"":[0,0,0,0,39,17,385,13,2,348,9,37,1,2444,194,16,27,0,2645,45,498,113,10,4,2810,2,5,12,869,1,0,94,351,273,2,10],""bins"":[0,1,2,3,4,5,6,7,8,9,10,11,12,13,14,15,16,17,18,19,20,21,22,23,24,25,26,27,28,29,30,31,32,33,34,35,36]}"
"250","{""_type"":""histogram"",""values"":[0,0,0,0,46,17,388,16,2,953,14,55,2,1141,1196,18,22,0,2696,15,453,147,16,4,2810,3,7,12,678,1,0,107,349,97,2,9],""bins"":[0,1,2,3,4,5,6,7,8,9,10,11,12,13,14,15,16,17,18,19,20,21,22,23,24,25,26,27,28,29,30,31,32,33,34,35,36]}"
"260","{""_type"":""histogram"",""values"":[0,0,0,0,56,27,947,55,3,345,66,230,2,734,318,49,108,0,72,35,1163,1265,24,5,2810,7,7,23,2166,2,2,206,71,415,4,59],""bins"":[0,1,2,3,4,5,6,7,8,9,10,11,12,13,14,15,16,17,18,19,20,21,22,23,24,25,26,27,28,29,30,31,32,33,34,35,36]}"
"270","{""_type"":""histogram"",""values"":[0,0,0,0,58,40,958,117,2,47,159,299,3,400,328,50,339,1,4,48,1715,2027,22,4,2811,5,9,20,873,1,2,120,26,486,4,298],""bins"":[0,1,2,3,4,5,6,7,8,9,10,11,12,13,14,15,16,17,18,19,20,21,22,23,24,25,26,27,28,29,30,31,32,33,34,35,36]}"
"280","{""values"":[0,0,0,0,54,61,1510,94,3,10,64,213,5,143,190,40,259,2,3,20,2253,2200,131,3,2810,6,6,24,169,4,8,20,25,254,5,687],""_type"":""histogram"",""bins"":[0,1,2,3,4,5,6,7,8,9,10,11,12,13,14,15,16,17,18,19,20,21,22,23,24,25,26,27,28,29,30,31,32,33,34,35,36]}"
"290","{""_type"":""histogram"",""values"":[0,0,0,0,54,17,970,72,2,26,197,403,4,1185,628,51,414,4,4,112,1598,4,597,3,2810,10,8,229,1043,7,23,64,10,385,4,338],""bins"":[0,1,2,3,4,5,6,7,8,9,10,11,12,13,14,15,16,17,18,19,20,21,22,23,24,25,26,27,28,29,30,31,32,33,34,35,36]}"
"300","{""_type"":""histogram"",""values"":[0,0,0,0,59,13,35,37,4,178,36,771,6,1849,725,117,154,24,4,847,49,0,311,2,2813,55,29,779,1508,32,17,328,7,421,7,59],""bins"":[0,1,2,3,4,5,6,7,8,9,10,11,12,13,14,15,16,17,18,19,20,21,22,23,24,25,26,27,28,29,30,31,32,33,34,35,36]}"
"310","{""values"":[0,0,0,0,51,12,6,18,1,80,12,937,6,2329,586,144,62,34,2,1257,1,0,327,1,2815,42,46,979,630,89,25,408,2,350,5,19],""_type"":""histogram"",""bins"":[0,1,2,3,4,5,6,7,8,9,10,11,12,13,14,15,16,17,18,19,20,21,22,23,24,25,26,27,28,29,30,31,32,33,34,35,36]}"
"320","{""values"":[0,0,0,0,48,11,2,13,1,40,7,998,5,2356,469,145,36,23,1,1408,0,0,395,1,2814,26,55,1140,277,200,26,453,1,312,2,11],""_type"":""histogram"",""bins"":[0,1,2,3,4,5,6,7,8,9,10,11,12,13,14,15,16,17,18,19,20,21,22,23,24,25,26,27,28,29,30,31,32,33,34,35,36]}"
"330","{""_type"":""histogram"",""values"":[0,0,0,0,58,14,1,14,1,59,7,1705,5,1424,173,193,31,13,1,919,0,0,372,1,2817,22,104,1031,11,267,22,1852,1,141,2,15],""bins"":[0,1,2,3,4,5,6,7,8,9,10,11,12,13,14,15,16,17,18,19,20,21,22,23,24,25,26,27,28,29,30,31,32,33,34,35,36]}"
"340","{""_type"":""histogram"",""values"":[0,0,0,0,71,19,2,20,3,51,9,1732,5,260,191,452,46,24,1,764,0,0,605,1,2817,23,155,837,8,550,23,2463,1,123,2,18],""bins"":[0,1,2,3,4,5,6,7,8,9,10,11,12,13,14,15,16,17,18,19,20,21,22,23,24,25,26,27,28,29,30,31,32,33,34,35,36]}"
"350","{""_type"":""histogram"",""values"":[0,0,0,0,72,16,2,18,2,56,10,1690,6,142,191,601,46,21,1,732,2,0,689,1,2815,26,176,715,6,860,32,2212,1,116,2,17],""bins"":[0,1,2,3,4,5,6,7,8,9,10,11,12,13,14,15,16,17,18,19,20,21,22,23,24,25,26,27,28,29,30,31,32,33,34,35,36]}"
"360","{""_type"":""histogram"",""values"":[0,0,0,0,68,16,1,10,1,76,6,1414,5,88,177,1444,36,4,1,564,2,0,364,2,2815,14,111,574,7,2266,28,1092,1,78,2,9],""bins"":[0,1,2,3,4,5,6,7,8,9,10,11,12,13,14,15,16,17,18,19,20,21,22,23,24,25,26,27,28,29,30,31,32,33,34,35,36]}"
"370","{""_type"":""histogram"",""values"":[0,0,0,0,50,15,2,7,1,82,6,1329,6,104,332,2200,28,2,1,405,3,1,267,1,2813,11,99,496,5,2762,19,166,2,52,2,7],""bins"":[0,1,2,3,4,5,6,7,8,9,10,11,12,13,14,15,16,17,18,19,20,21,22,23,24,25,26,27,28,29,30,31,32,33,34,35,36]}"
"380","{""_type"":""histogram"",""values"":[0,0,0,0,67,16,3,10,1,282,9,1858,6,352,708,1962,78,2,1,902,3,0,250,3,2818,36,165,816,7,607,33,177,3,81,2,18],""bins"":[0,1,2,3,4,5,6,7,8,9,10,11,12,13,14,15,16,17,18,19,20,21,22,23,24,25,26,27,28,29,30,31,32,33,34,35,36]}"
"390","{""values"":[0,0,0,0,166,14,3,9,1,339,7,2084,6,402,812,1814,120,5,1,970,3,0,411,4,2811,37,165,827,7,11,24,120,2,85,2,14],""_type"":""histogram"",""bins"":[0,1,2,3,4,5,6,7,8,9,10,11,12,13,14,15,16,17,18,19,20,21,22,23,24,25,26,27,28,29,30,31,32,33,34,35,36]}"
"400","{""_type"":""histogram"",""values"":[0,0,0,0,679,12,2,8,1,508,3,2666,4,3,290,2153,916,3,1,69,1,1,95,4,2811,11,25,400,2,4,1,43,2,554,1,3],""bins"":[0,1,2,3,4,5,6,7,8,9,10,11,12,13,14,15,16,17,18,19,20,21,22,23,24,25,26,27,28,29,30,31,32,33,34,35,36]}"
"410","{""values"":[0,0,0,0,2566,12,1,7,3,385,2,2752,2,1,16,1030,32,2,1,5,2,0,15,4,2806,3,6,1150,0,4,1,8,0,456,1,3],""_type"":""histogram"",""bins"":[0,1,2,3,4,5,6,7,8,9,10,11,12,13,14,15,16,17,18,19,20,21,22,23,24,25,26,27,28,29,30,31,32,33,34,35,36]}"
"420","{""_type"":""histogram"",""values"":[0,0,0,0,2682,21,1,34,3,146,5,6,3,2,56,2356,39,10,1,33,2,0,34,8,2818,12,89,2516,0,4,14,37,1,329,1,13],""bins"":[0,1,2,3,4,5,6,7,8,9,10,11,12,13,14,15,16,17,18,19,20,21,22,23,24,25,26,27,28,29,30,31,32,33,34,35,36]}"
"430","{""values"":[0,0,0,0,2495,21,1,113,2,37,5,0,3,0,78,2562,25,24,1,30,3,0,38,6,2818,18,174,2614,0,4,38,37,1,105,1,22],""_type"":""histogram"",""bins"":[0,1,2,3,4,5,6,7,8,9,10,11,12,13,14,15,16,17,18,19,20,21,22,23,24,25,26,27,28,29,30,31,32,33,34,35,36]}"
"440","{""_type"":""histogram"",""values"":[0,0,0,0,2376,18,1,202,2,9,7,0,3,0,56,2685,29,31,1,15,2,0,79,3,2812,11,156,2660,0,4,35,19,2,36,1,21],""bins"":[0,1,2,3,4,5,6,7,8,9,10,11,12,13,14,15,16,17,18,19,20,21,22,23,24,25,26,27,28,29,30,31,32,33,34,35,36]}"
"450","{""_type"":""histogram"",""values"":[0,0,0,0,2288,15,1,240,1,7,8,0,5,0,44,2746,19,44,1,10,3,0,176,2,2810,9,203,2555,0,5,31,17,0,19,1,16],""bins"":[0,1,2,3,4,5,6,7,8,9,10,11,12,13,14,15,16,17,18,19,20,21,22,23,24,25,26,27,28,29,30,31,32,33,34,35,36]}"
"460","{""_type"":""histogram"",""values"":[0,0,0,0,2081,19,2,1133,1,7,98,0,15,1,41,1513,35,300,1,17,8,0,515,4,2813,28,1608,807,0,5,129,18,1,49,2,25],""bins"":[0,1,2,3,4,5,6,7,8,9,10,11,12,13,14,15,16,17,18,19,20,21,22,23,24,25,26,27,28,29,30,31,32,33,34,35,36]}"
"470","{""_type"":""histogram"",""values"":[0,0,0,0,2096,18,2,2093,1,5,222,0,21,1,34,158,38,548,1,14,8,0,707,7,2814,32,2147,90,0,5,121,16,3,55,2,17],""bins"":[0,1,2,3,4,5,6,7,8,9,10,11,12,13,14,15,16,17,18,19,20,21,22,23,24,25,26,27,28,29,30,31,32,33,34,35,36]}"
"480","{""_type"":""histogram"",""values"":[0,0,0,0,1890,19,2,2369,0,6,332,0,31,1,26,49,43,946,1,17,9,0,1027,6,2811,37,1430,26,0,1,111,12,2,55,1,16],""bins"":[0,1,2,3,4,5,6,7,8,9,10,11,12,13,14,15,16,17,18,19,20,21,22,23,24,25,26,27,28,29,30,31,32,33,34,35,36]}"
"490","{""_type"":""histogram"",""values"":[0,0,0,0,1620,21,3,2126,0,6,185,0,14,1,17,34,39,1402,1,15,10,0,826,7,2811,10,1949,14,0,1,90,11,2,46,1,14],""bins"":[0,1,2,3,4,5,6,7,8,9,10,11,12,13,14,15,16,17,18,19,20,21,22,23,24,25,26,27,28,29,30,31,32,33,34,35,36]}"
"500","{""_type"":""histogram"",""values"":[0,0,0,0,1807,20,2,1106,1,11,1000,0,16,1,42,37,74,2369,1,19,13,0,1013,8,2811,6,710,20,0,1,98,16,4,52,1,17],""bins"":[0,1,2,3,4,5,6,7,8,9,10,11,12,13,14,15,16,17,18,19,20,21,22,23,24,25,26,27,28,29,30,31,32,33,34,35,36]}"
"510","{""values"":[0,0,0,0,1778,16,2,369,2,16,1754,0,21,1,53,37,126,2564,1,24,25,0,1158,6,2812,6,266,40,0,1,93,19,9,55,2,20],""_type"":""histogram"",""bins"":[0,1,2,3,4,5,6,7,8,9,10,11,12,13,14,15,16,17,18,19,20,21,22,23,24,25,26,27,28,29,30,31,32,33,34,35,36]}"
"520","{""_type"":""histogram"",""values"":[0,0,0,0,1819,14,5,182,2,15,1871,0,23,1,42,37,130,2490,1,24,162,0,1292,6,2811,6,147,35,0,1,58,20,9,53,2,18],""bins"":[0,1,2,3,4,5,6,7,8,9,10,11,12,13,14,15,16,17,18,19,20,21,22,23,24,25,26,27,28,29,30,31,32,33,34,35,36]}"
"530","{""values"":[0,0,0,0,1804,13,4,173,2,16,1866,0,24,1,40,37,160,2441,1,22,109,0,1464,5,2811,4,119,30,0,1,34,16,11,49,2,17],""_type"":""histogram"",""bins"":[0,1,2,3,4,5,6,7,8,9,10,11,12,13,14,15,16,17,18,19,20,21,22,23,24,25,26,27,28,29,30,31,32,33,34,35,36]}"
"540","{""values"":[0,0,0,0,1841,10,3,185,2,15,1173,0,12,1,33,46,613,2455,1,19,45,0,1757,4,2811,0,91,30,5,1,31,16,15,39,1,21],""_type"":""histogram"",""bins"":[0,1,2,3,4,5,6,7,8,9,10,11,12,13,14,15,16,17,18,19,20,21,22,23,24,25,26,27,28,29,30,31,32,33,34,35,36]}"
"550","{""_type"":""histogram"",""values"":[0,0,0,0,2188,9,2,107,2,8,617,0,8,1,30,36,411,2576,1,20,13,0,2163,4,2811,0,59,24,13,0,75,13,20,44,1,20],""bins"":[0,1,2,3,4,5,6,7,8,9,10,11,12,13,14,15,16,17,18,19,20,21,22,23,24,25,26,27,28,29,30,31,32,33,34,35,36]}"
"560","{""_type"":""histogram"",""values"":[0,0,0,0,443,13,3,116,3,8,1036,0,7,2,41,91,880,2659,1,33,23,0,2438,4,2815,0,172,47,16,0,237,21,63,70,2,32],""bins"":[0,1,2,3,4,5,6,7,8,9,10,11,12,13,14,15,16,17,18,19,20,21,22,23,24,25,26,27,28,29,30,31,32,33,34,35,36]}"
"570","{""_type"":""histogram"",""values"":[0,0,0,0,166,15,4,27,3,10,1129,0,7,2,51,121,473,2650,1,38,13,0,2511,7,2812,0,170,60,5,1,669,32,142,117,2,38],""bins"":[0,1,2,3,4,5,6,7,8,9,10,11,12,13,14,15,16,17,18,19,20,21,22,23,24,25,26,27,28,29,30,31,32,33,34,35,36]}"
"580","{""_type"":""histogram"",""values"":[0,0,0,0,197,14,4,16,3,8,854,0,15,3,85,160,166,2686,1,49,14,0,2595,7,2812,0,271,71,3,3,707,41,290,156,2,43],""bins"":[0,1,2,3,4,5,6,7,8,9,10,11,12,13,14,15,16,17,18,19,20,21,22,23,24,25,26,27,28,29,30,31,32,33,34,35,36]}"
"590","{""values"":[0,0,0,0,280,14,4,15,2,7,443,0,24,2,125,215,117,2746,1,62,12,0,2499,7,2812,0,363,113,2,2,750,43,371,190,2,53],""_type"":""histogram"",""bins"":[0,1,2,3,4,5,6,7,8,9,10,11,12,13,14,15,16,17,18,19,20,21,22,23,24,25,26,27,28,29,30,31,32,33,34,35,36]}"
"600","{""_type"":""histogram"",""values"":[0,0,0,0,317,13,7,27,4,11,301,0,20,5,136,236,94,2661,1,62,14,0,2598,7,2813,0,350,207,30,3,779,41,237,237,2,63],""bins"":[0,1,2,3,4,5,6,7,8,9,10,11,12,13,14,15,16,17,18,19,20,21,22,23,24,25,26,27,28,29,30,31,32,33,34,35,36]}"
"610","{""_type"":""histogram"",""values"":[0,0,0,0,542,15,4,17,2,11,243,0,19,6,103,225,69,2393,1,70,12,0,2609,7,2813,0,305,545,73,4,583,42,236,245,2,80],""bins"":[0,1,2,3,4,5,6,7,8,9,10,11,12,13,14,15,16,17,18,19,20,21,22,23,24,25,26,27,28,29,30,31,32,33,34,35,36]}"
"620","{""_type"":""histogram"",""values"":[0,0,0,0,597,15,3,18,5,14,284,0,26,12,116,240,97,2147,1,76,17,0,2363,7,2813,0,321,781,107,7,493,50,507,87,2,70],""bins"":[0,1,2,3,4,5,6,7,8,9,10,11,12,13,14,15,16,17,18,19,20,21,22,23,24,25,26,27,28,29,30,31,32,33,34,35,36]}"
"630","{""_type"":""histogram"",""values"":[0,0,0,0,556,18,6,12,6,19,370,0,25,11,112,245,131,2010,1,93,12,0,1972,7,2813,0,381,956,60,6,459,55,845,38,2,55],""bins"":[0,1,2,3,4,5,6,7,8,9,10,11,12,13,14,15,16,17,18,19,20,21,22,23,24,25,26,27,28,29,30,31,32,33,34,35,36]}"
"640","{""_type"":""histogram"",""values"":[0,0,0,0,527,18,7,6,8,19,380,0,22,8,124,289,148,1999,1,105,14,1,1734,7,2813,0,431,1111,49,6,435,52,887,28,2,45],""bins"":[0,1,2,3,4,5,6,7,8,9,10,11,12,13,14,15,16,17,18,19,20,21,22,23,24,25,26,27,28,29,30,31,32,33,34,35,36]}"
"650","{""_type"":""histogram"",""values"":[0,0,0,0,543,19,10,6,12,19,189,0,29,10,145,309,162,1983,1,118,16,1,1656,7,2813,0,414,1403,50,7,452,48,783,27,2,42],""bins"":[0,1,2,3,4,5,6,7,8,9,10,11,12,13,14,15,16,17,18,19,20,21,22,23,24,25,26,27,28,29,30,31,32,33,34,35,36]}"
"660","{""_type"":""histogram"",""values"":[0,0,0,0,378,19,10,6,12,22,144,0,22,10,148,327,146,2003,1,141,15,1,1587,5,2813,0,389,1580,42,5,491,44,837,29,2,47],""bins"":[0,1,2,3,4,5,6,7,8,9,10,11,12,13,14,15,16,17,18,19,20,21,22,23,24,25,26,27,28,29,30,31,32,33,34,35,36]}"
"670","{""values"":[0,0,0,0,354,20,12,6,10,23,148,0,30,13,155,381,155,2020,1,188,19,1,1594,5,2813,0,360,1663,38,6,320,39,788,27,2,85],""_type"":""histogram"",""bins"":[0,1,2,3,4,5,6,7,8,9,10,11,12,13,14,15,16,17,18,19,20,21,22,23,24,25,26,27,28,29,30,31,32,33,34,35,36]}"
"680","{""_type"":""histogram"",""values"":[0,0,0,0,375,19,7,5,11,23,155,0,25,15,148,364,132,1974,1,192,21,1,1502,3,2813,0,308,1802,32,6,244,34,950,26,1,87],""bins"":[0,1,2,3,4,5,6,7,8,9,10,11,12,13,14,15,16,17,18,19,20,21,22,23,24,25,26,27,28,29,30,31,32,33,34,35,36]}"
"690","{""_type"":""histogram"",""values"":[0,0,0,0,382,19,6,5,10,22,349,0,19,11,113,304,105,1935,1,187,17,1,1330,2,2814,0,282,1969,29,8,202,31,1054,24,1,44],""bins"":[0,1,2,3,4,5,6,7,8,9,10,11,12,13,14,15,16,17,18,19,20,21,22,23,24,25,26,27,28,29,30,31,32,33,34,35,36]}"
"700","{""_type"":""histogram"",""values"":[0,0,0,0,465,20,6,6,8,20,524,0,24,16,93,306,108,1980,1,202,13,1,1324,4,2814,0,374,1996,33,13,180,30,659,19,1,36],""bins"":[0,1,2,3,4,5,6,7,8,9,10,11,12,13,14,15,16,17,18,19,20,21,22,23,24,25,26,27,28,29,30,31,32,33,34,35,36]}"
"710","{""_type"":""histogram"",""values"":[0,0,0,0,301,17,4,6,7,18,563,0,18,44,123,367,91,2035,1,268,4,1,1340,4,2816,0,450,1945,37,17,198,34,497,28,1,41],""bins"":[0,1,2,3,4,5,6,7,8,9,10,11,12,13,14,15,16,17,18,19,20,21,22,23,24,25,26,27,28,29,30,31,32,33,34,35,36]}"
"720","{""_type"":""histogram"",""values"":[0,0,0,0,65,17,5,6,6,21,520,0,22,61,131,383,94,2116,0,303,4,1,1335,4,2815,0,459,1931,38,18,163,40,640,41,1,36],""bins"":[0,1,2,3,4,5,6,7,8,9,10,11,12,13,14,15,16,17,18,19,20,21,22,23,24,25,26,27,28,29,30,31,32,33,34,35,36]}"
"730","{""_type"":""histogram"",""values"":[0,0,0,0,19,15,4,7,6,24,1263,0,14,45,108,296,83,2179,0,310,4,0,1235,4,2814,0,386,1537,34,16,135,30,647,36,1,24],""bins"":[0,1,2,3,4,5,6,7,8,9,10,11,12,13,14,15,16,17,18,19,20,21,22,23,24,25,26,27,28,29,30,31,32,33,34,35,36]}"
"740","{""_type"":""histogram"",""values"":[0,0,0,0,20,14,3,7,5,29,1329,0,13,43,60,304,45,2177,0,337,4,0,1699,4,2816,0,370,867,32,26,127,31,834,57,1,22],""bins"":[0,1,2,3,4,5,6,7,8,9,10,11,12,13,14,15,16,17,18,19,20,21,22,23,24,25,26,27,28,29,30,31,32,33,34,35,36]}"
"750","{""_type"":""histogram"",""values"":[0,0,0,0,20,13,1,7,4,47,1045,0,11,22,45,312,30,2232,0,342,4,0,1905,4,2814,0,319,551,34,33,116,26,1230,86,1,22],""bins"":[0,1,2,3,4,5,6,7,8,9,10,11,12,13,14,15,16,17,18,19,20,21,22,23,24,25,26,27,28,29,30,31,32,33,34,35,36]}"
"760","{""_type"":""histogram"",""values"":[0,0,0,0,22,12,1,7,4,61,948,0,11,17,44,271,26,2176,0,258,4,0,1884,4,2814,0,336,377,27,36,117,22,1642,130,1,24],""bins"":[0,1,2,3,4,5,6,7,8,9,10,11,12,13,14,15,16,17,18,19,20,21,22,23,24,25,26,27,28,29,30,31,32,33,34,35,36]}"
"770","{""_type"":""histogram"",""values"":[0,0,0,0,31,13,1,10,6,109,826,0,16,17,53,414,28,2145,0,259,4,0,2101,4,2815,0,532,527,38,73,174,33,812,186,1,48],""bins"":[0,1,2,3,4,5,6,7,8,9,10,11,12,13,14,15,16,17,18,19,20,21,22,23,24,25,26,27,28,29,30,31,32,33,34,35,36]}"
"780","{""_type"":""histogram"",""values"":[0,0,0,0,166,12,3,10,5,137,607,0,15,25,62,438,30,2076,0,290,4,0,2304,3,2811,0,626,571,43,54,176,30,530,207,1,40],""bins"":[0,1,2,3,4,5,6,7,8,9,10,11,12,13,14,15,16,17,18,19,20,21,22,23,24,25,26,27,28,29,30,31,32,33,34,35,36]}"
"790","{""_type"":""histogram"",""values"":[0,0,0,0,276,13,4,15,4,145,207,0,18,66,79,400,38,2024,0,397,4,0,2238,4,2812,0,854,596,49,50,162,39,520,197,1,64],""bins"":[0,1,2,3,4,5,6,7,8,9,10,11,12,13,14,15,16,17,18,19,20,21,22,23,24,25,26,27,28,29,30,31,32,33,34,35,36]}"
"800","{""_type"":""histogram"",""values"":[0,0,0,0,317,13,7,15,5,149,131,0,21,106,89,358,37,1993,0,467,4,0,2176,4,2811,0,905,582,50,40,150,38,572,164,1,71],""bins"":[0,1,2,3,4,5,6,7,8,9,10,11,12,13,14,15,16,17,18,19,20,21,22,23,24,25,26,27,28,29,30,31,32,33,34,35,36]}"
"810","{""_type"":""histogram"",""values"":[0,0,0,0,346,14,7,14,6,142,116,0,21,102,85,341,40,1921,0,446,4,0,2114,6,2811,0,845,733,45,36,142,33,678,177,1,50],""bins"":[0,1,2,3,4,5,6,7,8,9,10,11,12,13,14,15,16,17,18,19,20,21,22,23,24,25,26,27,28,29,30,31,32,33,34,35,36]}"
"820","{""_type"":""histogram"",""values"":[0,0,0,0,288,13,5,16,5,103,104,0,15,75,71,342,56,1876,0,408,4,0,2149,10,2811,0,785,1033,60,31,132,30,579,246,1,28],""bins"":[0,1,2,3,4,5,6,7,8,9,10,11,12,13,14,15,16,17,18,19,20,21,22,23,24,25,26,27,28,29,30,31,32,33,34,35,36]}"
"830","{""_type"":""histogram"",""values"":[0,0,0,0,232,9,4,38,5,55,88,0,5,49,65,317,93,1741,0,359,4,0,2196,8,2811,0,770,1098,70,24,97,25,832,263,1,17],""bins"":[0,1,2,3,4,5,6,7,8,9,10,11,12,13,14,15,16,17,18,19,20,21,22,23,24,25,26,27,28,29,30,31,32,33,34,35,36]}"
"840","{""_type"":""histogram"",""values"":[0,0,0,0,261,9,4,21,4,42,102,0,6,23,53,302,123,1531,0,294,3,0,2250,9,2811,0,774,1425,42,24,72,27,833,216,1,14],""bins"":[0,1,2,3,4,5,6,7,8,9,10,11,12,13,14,15,16,17,18,19,20,21,22,23,24,25,26,27,28,29,30,31,32,33,34,35,36]}"
"850","{""values"":[0,0,0,0,271,10,5,20,5,39,214,0,3,7,53,282,44,1367,0,223,4,0,2403,10,2812,0,807,1509,32,21,62,23,827,208,1,14],""_type"":""histogram"",""bins"":[0,1,2,3,4,5,6,7,8,9,10,11,12,13,14,15,16,17,18,19,20,21,22,23,24,25,26,27,28,29,30,31,32,33,34,35,36]}"
"860","{""_type"":""histogram"",""values"":[0,0,0,0,280,10,5,13,8,40,289,0,3,5,55,263,30,1308,0,191,4,0,2416,10,2811,0,817,1523,25,16,63,21,848,208,1,13],""bins"":[0,1,2,3,4,5,6,7,8,9,10,11,12,13,14,15,16,17,18,19,20,21,22,23,24,25,26,27,28,29,30,31,32,33,34,35,36]}"
"870","{""values"":[0,0,0,0,192,10,4,11,6,38,324,0,3,4,50,249,24,1258,0,176,4,0,2484,10,2811,0,798,1500,19,12,61,18,950,246,1,13],""_type"":""histogram"",""bins"":[0,1,2,3,4,5,6,7,8,9,10,11,12,13,14,15,16,17,18,19,20,21,22,23,24,25,26,27,28,29,30,31,32,33,34,35,36]}"
"880","{""_type"":""histogram"",""values"":[0,0,0,0,131,10,3,6,6,38,329,0,4,4,71,329,24,1228,0,158,4,0,2470,12,2811,0,718,1513,16,12,58,15,976,315,1,14],""bins"":[0,1,2,3,4,5,6,7,8,9,10,11,12,13,14,15,16,17,18,19,20,21,22,23,24,25,26,27,28,29,30,31,32,33,34,35,36]}"
"890","{""_type"":""histogram"",""values"":[0,0,0,0,144,11,4,8,5,35,323,0,3,4,73,374,23,1252,0,146,4,0,2475,13,2811,0,682,1850,16,11,66,17,666,244,1,15],""bins"":[0,1,2,3,4,5,6,7,8,9,10,11,12,13,14,15,16,17,18,19,20,21,22,23,24,25,26,27,28,29,30,31,32,33,34,35,36]}"
"900","{""_type"":""histogram"",""values"":[0,0,0,0,143,13,5,7,5,28,301,0,3,4,86,380,21,1275,0,152,4,0,2478,16,2811,0,678,1997,14,15,72,17,492,242,1,16],""bins"":[0,1,2,3,4,5,6,7,8,9,10,11,12,13,14,15,16,17,18,19,20,21,22,23,24,25,26,27,28,29,30,31,32,33,34,35,36]}"
"910","{""_type"":""histogram"",""values"":[0,0,0,0,151,12,5,6,4,27,271,0,3,4,83,481,23,1220,0,146,4,0,2489,15,2811,0,650,1992,13,15,75,20,444,296,1,15],""bins"":[0,1,2,3,4,5,6,7,8,9,10,11,12,13,14,15,16,17,18,19,20,21,22,23,24,25,26,27,28,29,30,31,32,33,34,35,36]}"
"920","{""_type"":""histogram"",""values"":[0,0,0,0,208,10,5,5,5,27,269,0,3,4,88,338,33,1205,0,139,4,0,2551,17,2810,0,571,1980,14,16,70,21,441,425,2,15],""bins"":[0,1,2,3,4,5,6,7,8,9,10,11,12,13,14,15,16,17,18,19,20,21,22,23,24,25,26,27,28,29,30,31,32,33,34,35,36]}"
"930","{""_type"":""histogram"",""values"":[0,0,0,0,245,13,5,5,5,22,316,0,3,4,84,269,47,1252,0,149,4,0,2433,20,2811,0,498,1954,15,21,71,22,434,558,2,14],""bins"":[0,1,2,3,4,5,6,7,8,9,10,11,12,13,14,15,16,17,18,19,20,21,22,23,24,25,26,27,28,29,30,31,32,33,34,35,36]}"
"940","{""_type"":""histogram"",""values"":[0,0,0,0,239,14,5,4,5,21,571,0,4,3,67,205,51,1161,0,176,4,0,2310,23,2811,0,441,1936,13,18,58,24,402,691,2,17],""bins"":[0,1,2,3,4,5,6,7,8,9,10,11,12,13,14,15,16,17,18,19,20,21,22,23,24,25,26,27,28,29,30,31,32,33,34,35,36]}"
"950","{""_type"":""histogram"",""values"":[0,0,0,0,282,15,5,5,5,21,650,0,3,3,61,207,60,1094,0,178,4,0,2211,23,2811,0,449,1953,13,14,54,27,368,741,1,18],""bins"":[0,1,2,3,4,5,6,7,8,9,10,11,12,13,14,15,16,17,18,19,20,21,22,23,24,25,26,27,28,29,30,31,32,33,34,35,36]}"
"960","{""_type"":""histogram"",""values"":[0,0,0,0,262,15,5,5,5,20,658,0,3,3,65,259,72,1096,0,182,4,0,2113,22,2811,0,515,1996,15,16,59,32,404,618,1,20],""bins"":[0,1,2,3,4,5,6,7,8,9,10,11,12,13,14,15,16,17,18,19,20,21,22,23,24,25,26,27,28,29,30,31,32,33,34,35,36]}"
"970","{""_type"":""histogram"",""values"":[0,0,0,0,194,16,7,4,5,21,642,0,3,3,72,296,79,1125,0,197,4,0,1970,24,2811,0,556,2015,15,18,62,38,505,568,2,24],""bins"":[0,1,2,3,4,5,6,7,8,9,10,11,12,13,14,15,16,17,18,19,20,21,22,23,24,25,26,27,28,29,30,31,32,33,34,35,36]}"
"980","{""_type"":""histogram"",""values"":[0,0,0,0,178,17,7,4,6,14,610,0,3,5,75,343,79,1136,0,207,5,0,1912,27,2811,0,554,1966,17,14,54,43,653,511,1,24],""bins"":[0,1,2,3,4,5,6,7,8,9,10,11,12,13,14,15,16,17,18,19,20,21,22,23,24,25,26,27,28,29,30,31,32,33,34,35,36]}"
"990","{""_type"":""histogram"",""values"":[0,0,0,0,179,17,7,4,6,14,601,0,3,5,86,361,81,1149,0,209,4,0,1889,29,2811,0,641,1920,19,21,55,44,612,481,1,27],""bins"":[0,1,2,3,4,5,6,7,8,9,10,11,12,13,14,15,16,17,18,19,20,21,22,23,24,25,26,27,28,29,30,31,32,33,34,35,36]}"
"999","{""values"":[0,0,0,0,177,17,7,4,7,13,634,0,3,5,84,378,85,1163,0,209,5,0,1910,33,2811,0,809,1958,18,29,63,47,359,414,2,32],""_type"":""histogram"",""bins"":[0,1,2,3,4,5,6,7,8,9,10,11,12,13,14,15,16,17,18,19,20,21,22,23,24,25,26,27,28,29,30,31,32,33,34,35,36]}"
